constexpr std::size_t POSE_COUNT = 100;
const std::array<std::array<uint16_t, JOINT_COUNT>, POSE_COUNT> TARGET_POSES = {{
    {{336, 852, 2084, 3266, 2067, 2067, 3753}},
    {{612, 852, 2083, 3267, 2095, 2053, 3460}},
    {{832, 852, 2106, 3265, 2090, 2085, 3106}},
    {{1130, 852, 2165, 3267, 2112, 2058, 2695}},
    {{1527, 852, 2167, 3248, 2121, 2087, 2439}},
    {{1780, 852, 2167, 3244, 2119, 2109, 2160}},
    {{2103, 852, 2165, 3267, 2140, 2143, 1735}},
    {{2399, 851, 2180, 3266, 2153, 2088, 1541}},
    {{2813, 852, 2180, 3260, 2147, 2122, 1170}},
    {{3259, 852, 2180, 3260, 2149, 2128, 661}},
    {{3263, 851, 2182, 3260, 2150, 2129, 662}},
    {{3589, 852, 2180, 3239, 2152, 2068, 438}},
    {{3740, 852, 2180, 3249, 2154, 2039, 336}},
    {{3498, 852, 2180, 3244, 2154, 2047, 337}},
    {{3777, 2067, 928, 1062, 3035, 1937, 3190}},
    {{3788, 2180, 1229, 1054, 3029, 2207, 3293}},
    {{3788, 2182, 1605, 1062, 3027, 2529, 3294}},
    {{3751, 2202, 1845, 1053, 2700, 2819, 3688}},
    {{3787, 2196, 2254, 1055, 2802, 3081, 3516}},
    {{3718, 2251, 2793, 1054, 1216, 2329, 1241}},
    {{3718, 2253, 3047, 1061, 1219, 2152, 1266}},
    {{3716, 2247, 3325, 1060, 1183, 1854, 1457}},
    {{3692, 3222, 3306, 2043, 2127, 1176, 1614}},
    {{3786, 3225, 1379, 2012, 1598, 968, 3444}},
    {{3776, 3227, 1214, 1869, 1366, 1206, 2907}},
    {{3776, 3228, 1216, 1943, 1044, 1449, 2722}},
    {{3776, 3228, 1216, 2215, 1041, 1430, 2677}},
    {{3776, 3228, 1238, 2217, 1178, 1833, 2677}},
    {{3776, 3228, 1378, 2217, 1332, 1995, 2678}},
    {{3274, 3225, 1671, 1918, 954, 1238, 3669}},
    {{3291, 2169, 1179, 1341, 983, 1867, 3753}},
    {{3597, 1780, 1462, 1267, 1140, 1584, 353}},
    {{3785, 1979, 1462, 1057, 1150, 1639, 720}},
    {{3785, 1937, 1889, 1086, 1149, 1243, 802}},
    {{3745, 1986, 2209, 1203, 1027, 1216, 745}},
    {{3746, 1987, 2512, 1159, 1026, 1217, 872}},
    {{3746, 1987, 2738, 1152, 1024, 1429, 936}},
    {{3746, 2063, 3075, 1193, 1040, 1496, 937}},
    {{3746, 2105, 3207, 1297, 1039, 2067, 952}},
    {{3758, 2109, 3219, 1453, 1042, 2763, 953}},
    {{3787, 2166, 3319, 1585, 1355, 2778, 689}},
    {{3673, 2004, 2721, 2892, 2917, 2029, 501}},
    {{3674, 2151, 2807, 2863, 2965, 2345, 499}},
    {{3761, 2286, 2807, 2889, 2844, 2493, 561}},
    {{3761, 2340, 2861, 2893, 3163, 2727, 508}},
    {{3767, 2499, 2858, 2839, 2519, 2621, 843}},
    {{3787, 2659, 2859, 2867, 2432, 3008, 910}},
    {{3785, 1945, 1739, 3192, 1044, 2616, 2769}},
    {{3786, 1911, 1740, 3192, 1011, 2228, 2854}},
    {{3785, 1864, 1175, 2312, 955, 2098, 3747}},
    {{3785, 1863, 1192, 2314, 1125, 1719, 3746}},
    {{3775, 1859, 1194, 2388, 1639, 1276, 3743}},
    {{3761, 1469, 1271, 2898, 2339, 1704, 863}},
    {{3762, 1457, 1272, 3061, 2353, 2013, 912}},
    {{3761, 1453, 1271, 3104, 2349, 2318, 1010}},
    {{3762, 1451, 1272, 3210, 2349, 2553, 1017}},
    {{3494, 2042, 2128, 2547, 2349, 2274, 591}},
    {{3493, 2172, 2307, 2604, 2349, 2453, 592}},
    {{3486, 2366, 2352, 2605, 2349, 2535, 592}},
    {{3475, 2518, 2350, 2603, 2346, 3076, 592}},
    {{3482, 2592, 2349, 2668, 2346, 3162, 591}},
    {{3538, 3023, 2348, 2340, 2032, 1241, 931}},
    {{3538, 2995, 2347, 2034, 2032, 1462, 931}},
    {{3533, 2984, 2349, 1777, 2033, 1622, 930}},
    {{3469, 2986, 2352, 1413, 2036, 1914, 931}},
    {{3222, 3022, 2353, 1328, 2036, 1896, 1210}},
    {{3195, 2889, 2350, 1108, 1949, 2177, 1209}},
    {{3197, 2646, 2349, 1056, 1858, 2310, 1209}},
    {{3204, 2336, 2350, 962, 1819, 2572, 1442}},
    {{3196, 2007, 2348, 1000, 1592, 2871, 1253}},
    {{3076, 1869, 2140, 854, 1564, 3030, 1518}},
    {{2958, 1610, 2065, 845, 1564, 3126, 1639}},
    {{2958, 1371, 2066, 868, 1523, 3102, 1637}},
    {{2958, 1160, 2066, 852, 1520, 3163, 1636}},
    {{3297, 3226, 1791, 1991, 1941, 1140, 505}},
    {{3296, 3132, 1792, 1581, 1942, 1607, 507}},
    {{3342, 2866, 1792, 1343, 2017, 2028, 550}},
    {{3343, 2621, 1793, 1347, 2028, 2182, 549}},
    {{3339, 2337, 1979, 1693, 2028, 2166, 782}},
    {{3342, 2089, 2043, 2028, 2027, 2155, 775}},
    {{3339, 1960, 1964, 1923, 2027, 2510, 871}},
    {{3319, 1828, 1932, 1690, 2017, 2898, 871}},
    {{3231, 1711, 1885, 1603, 2018, 3010, 874}},
    {{3028, 1446, 1811, 1560, 2021, 3185, 1238}},
    {{2943, 1262, 1773, 1552, 2021, 3291, 1513}},
    {{2927, 850, 2081, 2965, 1982, 3243, 1224}},
    {{3045, 852, 2080, 3274, 2278, 2866, 973}},
    {{3408, 851, 2078, 3274, 2691, 2600, 415}},
    {{3775, 851, 2134, 3276, 2848, 2322, 334}},
    {{3775, 852, 3006, 3256, 2927, 1578, 3752}},
    {{3778, 1585, 3008, 2970, 2021, 1698, 3752}},
    {{3776, 1831, 3315, 2993, 2002, 1522, 3753}},
    {{3775, 1860, 3317, 2990, 2685, 1444, 412}},
    {{3756, 1979, 3303, 2987, 2684, 1961, 677}},
    {{3775, 2013, 3309, 3094, 2957, 3156, 1263}},
    {{3774, 2071, 3307, 3006, 2522, 1342, 477}},
    {{3769, 1995, 2940, 2748, 2923, 2204, 339}},
    {{3770, 1976, 2618, 2787, 3246, 2532, 339}},
    {{3773, 1915, 2036, 3174, 3090, 2945, 853}},
    {{3773, 1914, 2036, 3238, 2909, 2259, 1010}},
}};
