constexpr std::size_t POSE_COUNT = 291;
const std::array<std::array<uint16_t, JOINT_COUNT>, POSE_COUNT> TARGET_POSES = {{
    {{2706, 3224, 931, 2200, 956, 1172, 3368}},
    {{2328, 3224, 932, 2192, 955, 1116, 3604}},
    {{2247, 3224, 1108, 2191, 955, 1096, 3754}},
    {{2194, 3224, 1224, 2182, 956, 1082, 3754}},
    {{1954, 3222, 1331, 2125, 955, 1216, 412}},
    {{1569, 3225, 1199, 2114, 952, 1243, 415}},
    {{1196, 3225, 1203, 2064, 956, 1252, 911}},
    {{933, 3226, 1201, 2074, 955, 1186, 912}},
    {{722, 3226, 1201, 2115, 950, 1275, 1291}},
    {{2866, 3231, 930, 1004, 1844, 2084, 337}},
    {{2584, 3224, 931, 926, 1981, 2162, 395}},
    {{2271, 3226, 931, 877, 1988, 2257, 575}},
    {{1908, 3225, 931, 830, 1943, 2314, 1120}},
    {{1610, 3223, 931, 831, 2031, 2293, 1463}},
    {{1092, 3225, 937, 1040, 1878, 2066, 1935}},
    {{766, 3227, 937, 957, 1897, 2150, 2224}},
    {{756, 3227, 937, 829, 1932, 2259, 2189}},
    {{829, 3228, 936, 831, 1117, 2149, 2188}},
    {{1384, 3221, 934, 956, 1043, 2555, 2029}},
    {{1812, 3222, 935, 1139, 1127, 2948, 2027}},
    {{2139, 3223, 933, 1242, 1124, 3178, 2030}},
    {{2357, 3222, 928, 1226, 1066, 3224, 2143}},
    {{2384, 3225, 936, 1159, 1129, 1414, 337}},
    {{2384, 3226, 1137, 1223, 1271, 1126, 338}},
    {{1838, 3228, 1138, 1318, 1365, 882, 568}},
    {{1386, 3226, 932, 1274, 1517, 755, 428}},
    {{655, 3226, 934, 1071, 2096, 1914, 2043}},
    {{625, 3227, 936, 1032, 2240, 2061, 2039}},
    {{627, 3230, 934, 989, 2573, 2081, 2040}},
    {{922, 3230, 1407, 829, 2149, 2369, 2451}},
    {{946, 3019, 1405, 1035, 1957, 2118, 2418}},
    {{1091, 3007, 1290, 981, 1856, 2173, 2173}},
    {{1102, 3095, 1241, 897, 1634, 2224, 2148}},
    {{1219, 3103, 1045, 897, 1455, 2441, 2079}},
    {{1374, 3081, 998, 1024, 1763, 2366, 1638}},
    {{1399, 2865, 996, 1070, 2092, 2201, 1522}},
    {{1494, 2842, 924, 1233, 1937, 2102, 1520}},
    {{1527, 2849, 924, 1460, 1905, 1881, 1519}},
    {{1526, 3140, 924, 1399, 1739, 1869, 1399}},
    {{1676, 3222, 925, 1347, 1617, 2416, 1400}},
    {{1944, 3222, 927, 1337, 1515, 2854, 1621}},
    {{2115, 3221, 929, 1353, 1348, 3102, 1823}},
    {{2300, 3222, 927, 1424, 1205, 3186, 2266}},
    {{2361, 3075, 925, 1821, 962, 2869, 2612}},
    {{2307, 2139, 922, 1283, 954, 1208, 2903}},
    {{2200, 2141, 929, 1371, 954, 967, 2907}},
    {{2167, 2138, 927, 1661, 963, 872, 2907}},
    {{2247, 3230, 931, 2219, 1072, 1041, 3689}},
    {{2179, 3224, 931, 1263, 1942, 1929, 871}},
    {{2178, 2853, 932, 1051, 2256, 2100, 874}},
    {{2179, 2678, 931, 1057, 2520, 2104, 942}},
    {{2241, 2218, 1006, 1055, 2874, 2077, 851}},
    {{2203, 2268, 1233, 1733, 2790, 1968, 1437}},
    {{2189, 2288, 1458, 1812, 2613, 1932, 1581}},
    {{2188, 2419, 1611, 1843, 2397, 1868, 1583}},
    {{2188, 2571, 1644, 1846, 2395, 1749, 1582}},
    {{2061, 2543, 1841, 1688, 2365, 1926, 1730}},
    {{1905, 2554, 1986, 1687, 2256, 1920, 2020}},
    {{1748, 2629, 2100, 1686, 2212, 1853, 2187}},
    {{1739, 2872, 2109, 1375, 2212, 1920, 2280}},
    {{1740, 2976, 2106, 1029, 1963, 2114, 2277}},
    {{1852, 2982, 2103, 911, 1829, 2220, 2277}},
    {{2256, 3155, 2082, 829, 1720, 2308, 2040}},
    {{2324, 3229, 2081, 829, 1491, 2332, 2041}},
    {{2370, 3106, 2081, 829, 1951, 2228, 2155}},
    {{2368, 2895, 2083, 888, 2023, 2380, 1423}},
    {{2368, 2456, 2084, 1145, 2031, 2471, 2050}},
    {{2368, 2341, 2110, 1259, 2031, 2438, 1695}},
    {{2369, 2112, 2113, 1632, 2025, 2369, 1508}},
    {{2369, 2127, 2051, 1897, 2026, 2110, 1936}},
    {{2367, 2142, 2031, 2037, 2024, 1987, 1346}},
    {{2368, 1839, 2070, 1945, 2025, 2445, 1387}},
    {{2339, 1464, 1902, 1908, 2092, 2903, 1699}},
    {{2023, 1437, 1863, 2057, 2106, 2824, 2010}},
    {{1739, 1387, 1802, 2172, 2124, 2674, 2525}},
    {{1238, 1240, 1685, 2601, 2245, 2418, 3197}},
    {{1078, 1191, 1578, 2876, 2194, 2192, 3528}},
    {{1065, 1016, 1545, 3128, 1826, 2138, 3586}},
    {{1041, 877, 1549, 3081, 2053, 2081, 3588}},
    {{1043, 1102, 1548, 3025, 2255, 1924, 3572}},
    {{1042, 1331, 1595, 2757, 2403, 1925, 3452}},
    {{1027, 1181, 1600, 2598, 2282, 2267, 3456}},
    {{768, 1161, 1601, 2601, 2285, 2327, 3604}},
    {{592, 1094, 1561, 2805, 2279, 2237, 3755}},
    {{571, 1300, 1559, 2986, 2051, 2016, 3754}},
    {{566, 851, 1559, 3184, 2040, 2221, 336}},
    {{563, 1136, 1561, 3180, 2036, 1907, 3755}},
    {{561, 1333, 1560, 3066, 2074, 1941, 3755}},
    {{561, 1511, 1558, 3066, 1944, 2020, 3754}},
    {{561, 1512, 1539, 3156, 1508, 2038, 3754}},
    {{543, 1752, 1541, 3148, 1523, 2180, 3754}},
    {{543, 1837, 1451, 3273, 1424, 2158, 3583}},
    {{542, 1843, 1191, 3272, 1171, 2093, 3582}},
    {{542, 1837, 1179, 3270, 1538, 1740, 3585}},
    {{542, 1843, 1179, 3069, 2141, 1808, 3736}},
    {{545, 1828, 1196, 2758, 2286, 1832, 3755}},
    {{533, 1541, 1078, 2791, 2336, 2114, 421}},
    {{533, 1434, 1165, 2797, 2343, 2136, 338}},
    {{536, 1260, 1175, 2983, 2355, 2153, 395}},
    {{560, 1120, 1187, 3198, 2357, 2063, 503}},
    {{637, 852, 1188, 3247, 2389, 2095, 347}},
    {{964, 852, 1188, 3236, 2652, 2066, 344}},
    {{1268, 852, 1193, 3272, 2791, 1767, 337}},
    {{1379, 851, 1194, 3272, 3109, 2272, 337}},
    {{1363, 852, 1233, 3270, 2798, 2034, 337}},
    {{872, 1355, 1758, 2662, 2123, 1720, 3008}},
    {{821, 1133, 1759, 2680, 2145, 2137, 3402}},
    {{741, 1118, 1756, 2866, 1977, 2241, 3658}},
    {{568, 1336, 1754, 2893, 2021, 2083, 3660}},
    {{370, 1131, 1688, 2893, 1864, 2142, 3755}},
    {{347, 894, 1688, 3189, 1807, 2140, 3753}},
    {{274, 994, 1662, 3040, 1910, 2190, 335}},
    {{274, 1127, 1396, 2965, 1911, 2113, 338}},
    {{274, 1397, 1385, 2931, 2032, 2037, 338}},
    {{274, 1752, 1389, 2753, 2454, 2005, 335}},
    {{276, 1740, 1050, 2808, 2459, 2290, 513}},
    {{275, 1827, 1034, 3065, 2537, 2131, 784}},
    {{275, 1836, 919, 3147, 2685, 2262, 907}},
    {{275, 2471, 986, 2512, 3249, 1938, 335}},
    {{277, 3223, 933, 2109, 3218, 915, 3754}},
    {{278, 3228, 1305, 2120, 3214, 951, 3754}},
    {{278, 2553, 1301, 2027, 2960, 1464, 3754}},
    {{278, 2355, 1362, 1965, 2958, 1746, 3753}},
    {{278, 2107, 1445, 1916, 2897, 1998, 3569}},
    {{278, 1836, 1437, 1904, 2834, 2332, 3512}},
    {{283, 1610, 1440, 1885, 3039, 2493, 3453}},
    {{512, 1560, 1548, 1874, 3039, 2439, 3254}},
    {{882, 1356, 1592, 1812, 3038, 2820, 2819}},
    {{1087, 1284, 1636, 1814, 3040, 2843, 2685}},
    {{1230, 1084, 1663, 1900, 3039, 3049, 2633}},
    {{1457, 899, 1661, 2109, 3037, 3291, 2118}},
    {{1714, 853, 1662, 2539, 3037, 2968, 1733}},
    {{1805, 851, 1663, 2886, 3046, 2547, 1884}},
    {{1807, 1391, 1661, 3064, 3180, 2386, 2231}},
    {{1739, 1694, 1660, 3042, 3249, 2851, 2468}},
    {{1524, 1909, 1660, 2890, 3234, 2836, 2374}},
    {{1525, 1908, 1533, 2642, 3034, 3036, 2668}},
    {{1011, 1982, 1780, 1335, 1932, 1066, 2821}},
    {{826, 1881, 1780, 1360, 2021, 1093, 2819}},
    {{683, 1789, 1922, 1252, 2350, 1061, 2817}},
    {{770, 1768, 2119, 1155, 2344, 1205, 2818}},
    {{652, 1626, 2127, 1153, 2229, 1252, 2817}},
    {{364, 1669, 2127, 1202, 2413, 1192, 2816}},
    {{647, 1647, 2233, 1218, 2563, 1321, 2816}},
    {{923, 1589, 2281, 1092, 2369, 1506, 2817}},
    {{725, 1611, 2274, 1104, 2348, 1532, 2816}},
    {{540, 1769, 2268, 1121, 2346, 1368, 2816}},
    {{486, 2081, 2252, 1053, 2346, 995, 2816}},
    {{347, 2216, 1801, 1206, 2116, 1006, 2816}},
    {{347, 2431, 1531, 1013, 2121, 1682, 2814}},
    {{348, 2431, 1531, 1192, 2132, 1831, 2820}},
    {{348, 2512, 1494, 1270, 2270, 1788, 2974}},
    {{347, 2697, 1416, 1292, 2338, 1796, 3031}},
    {{353, 3008, 1377, 1264, 2248, 1885, 3115}},
    {{423, 3010, 1269, 1163, 1973, 1746, 2777}},
    {{441, 3146, 1076, 887, 1838, 2020, 2669}},
    {{441, 3111, 1077, 1202, 1993, 1842, 2623}},
    {{656, 3106, 1075, 1211, 1888, 1827, 2349}},
    {{689, 3232, 1079, 1320, 1628, 1570, 2179}},
    {{647, 3228, 1078, 829, 1802, 2156, 2435}},
    {{749, 3223, 1075, 881, 1814, 2227, 2237}},
    {{901, 3014, 1075, 1023, 1773, 2099, 2208}},
    {{908, 2971, 1074, 1018, 1488, 2079, 2134}},
    {{1232, 2966, 940, 1134, 1987, 1931, 1676}},
    {{1393, 2761, 949, 1089, 2243, 1964, 1667}},
    {{1393, 2138, 2029, 1986, 2027, 1926, 2516}},
    {{1393, 2127, 1912, 1979, 2036, 1925, 2515}},
    {{1393, 2110, 1784, 1923, 2370, 2009, 2527}},
    {{1393, 2059, 1669, 1871, 2481, 2066, 2525}},
    {{1391, 2128, 1992, 2042, 2277, 1934, 2527}},
    {{1391, 2206, 2211, 2059, 2018, 1705, 2748}},
    {{1380, 2273, 2333, 2036, 1930, 1604, 2859}},
    {{1293, 2271, 2460, 1994, 1721, 1670, 2854}},
    {{1274, 2250, 2733, 1872, 1432, 1776, 2972}},
    {{1255, 2059, 2630, 1809, 1457, 2070, 2991}},
    {{1231, 1998, 2370, 1795, 1590, 2083, 2856}},
    {{1208, 1947, 2157, 1798, 2010, 2280, 2842}},
    {{1132, 1946, 1928, 1847, 2298, 2267, 2838}},
    {{1110, 1868, 1762, 1848, 2549, 2359, 2835}},
    {{1092, 1737, 1420, 1844, 3031, 2430, 2737}},
    {{1090, 1595, 1311, 1820, 3215, 2460, 2695}},
    {{1090, 1392, 1303, 1826, 3246, 2708, 2755}},
    {{1252, 1090, 1306, 2095, 3248, 3004, 2671}},
    {{1255, 1422, 1305, 2111, 3249, 2719, 2735}},
    {{1255, 1727, 1370, 2195, 3245, 2576, 2735}},
    {{1254, 1874, 1496, 2199, 2905, 2194, 2883}},
    {{1253, 2031, 1753, 2206, 2554, 1911, 2951}},
    {{1253, 2036, 1983, 2205, 2288, 1834, 2949}},
    {{1253, 2047, 2121, 2204, 2128, 1741, 2893}},
    {{1253, 2074, 2403, 2203, 2011, 1714, 2931}},
    {{1252, 2077, 2696, 2203, 1581, 1718, 2931}},
    {{1254, 2078, 2939, 2203, 1312, 1857, 2932}},
    {{1190, 1931, 3019, 2103, 1247, 2048, 2930}},
    {{1148, 1828, 3106, 2057, 1105, 2192, 2908}},
    {{1048, 1429, 3108, 2072, 953, 2443, 2927}},
    {{918, 1270, 3109, 2091, 953, 2655, 3193}},
    {{785, 1120, 3100, 2090, 955, 2766, 3426}},
    {{587, 1037, 3096, 2076, 955, 2852, 3670}},
    {{337, 1029, 3094, 2091, 1007, 2864, 3754}},
    {{336, 1186, 3090, 2232, 1177, 2747, 3752}},
    {{283, 1648, 2727, 2258, 1526, 2388, 3636}},
    {{283, 1763, 2463, 2345, 1697, 2211, 3550}},
    {{283, 1844, 2317, 2490, 1809, 1999, 3549}},
    {{285, 1813, 2066, 2903, 1811, 1638, 3648}},
    {{285, 1661, 1875, 3192, 1812, 1375, 3752}},
    {{284, 1519, 1636, 3178, 2198, 1777, 335}},
    {{284, 1738, 1606, 3102, 2240, 1611, 336}},
    {{283, 1861, 1373, 2794, 2671, 2014, 336}},
    {{284, 1980, 1942, 3276, 1590, 2901, 2862}},
    {{616, 2047, 1934, 3269, 1659, 2932, 3221}},
    {{617, 2037, 1932, 3244, 1353, 2904, 3585}},
    {{861, 2038, 1731, 3236, 1332, 2591, 3714}},
    {{1954, 1929, 1840, 3121, 956, 2513, 957}},
    {{2372, 1930, 1804, 3224, 1002, 2627, 1247}},
    {{2629, 2302, 1718, 2998, 1222, 2715, 1460}},
    {{2707, 2483, 1444, 2890, 1350, 2302, 1769}},
    {{3129, 2367, 2460, 2140, 1546, 1731, 1035}},
    {{3128, 2534, 2500, 2141, 1528, 1549, 1039}},
    {{3128, 2680, 2499, 2141, 1526, 1414, 1038}},
    {{3148, 2836, 2494, 2137, 1425, 1274, 1035}},
    {{3274, 2957, 2469, 2117, 1393, 1226, 929}},
    {{3416, 3015, 2438, 2115, 1377, 1194, 680}},
    {{3594, 3076, 2437, 2043, 1373, 1123, 426}},
    {{3612, 2726, 2439, 1905, 1377, 1493, 415}},
    {{3640, 2547, 2435, 1875, 1608, 1892, 608}},
    {{3645, 2411, 2409, 1688, 1615, 2381, 914}},
    {{3645, 2321, 2254, 1388, 1616, 2784, 916}},
    {{3645, 2324, 2178, 1170, 1614, 2992, 999}},
    {{3641, 2353, 2028, 1211, 1795, 2852, 856}},
    {{3599, 2051, 1140, 1942, 2919, 2095, 337}},
    {{3578, 2001, 1010, 1946, 3058, 2286, 583}},
    {{3550, 1461, 1022, 2316, 3056, 2798, 582}},
    {{3254, 1018, 1006, 2294, 3056, 3040, 796}},
    {{3243, 910, 1006, 2092, 3055, 3139, 797}},
    {{3575, 851, 1104, 2218, 3056, 3279, 531}},
    {{3618, 888, 1135, 2119, 3052, 3235, 336}},
    {{3615, 1094, 1136, 2267, 3043, 3096, 337}},
    {{3614, 1289, 1136, 2446, 3012, 2935, 337}},
    {{3617, 1575, 1139, 2845, 2674, 2586, 869}},
    {{3615, 1592, 1520, 3121, 2512, 2257, 984}},
    {{3639, 1711, 2214, 2884, 2411, 2006, 338}},
    {{3636, 1894, 2217, 2897, 2659, 2287, 706}},
    {{3631, 2090, 2251, 2897, 2752, 2611, 680}},
    {{3628, 2309, 2259, 2874, 2742, 2525, 779}},
    {{3630, 2511, 2260, 2865, 2725, 3095, 778}},
    {{3633, 2528, 2257, 2560, 2683, 2562, 778}},
    {{3605, 2654, 2260, 2413, 2501, 1589, 934}},
    {{3416, 2673, 2260, 2094, 2337, 1525, 932}},
    {{3077, 2650, 2262, 1774, 2001, 1890, 935}},
    {{3069, 2515, 2262, 1589, 1952, 2070, 1015}},
    {{3069, 2318, 2255, 1469, 1873, 2207, 975}},
    {{3069, 2138, 2210, 1450, 1866, 2411, 968}},
    {{3069, 1899, 2156, 1405, 1860, 2609, 902}},
    {{2949, 1760, 2004, 1395, 1861, 3003, 1304}},
    {{2750, 1705, 1843, 1421, 1861, 3122, 1644}},
    {{2642, 1660, 1662, 1549, 1865, 3171, 1905}},
    {{2657, 1883, 1665, 1929, 1858, 2861, 1795}},
    {{2657, 1993, 1513, 2096, 1858, 2701, 1852}},
    {{2654, 2059, 1280, 2162, 1859, 2551, 2064}},
    {{2653, 2141, 1108, 2205, 1857, 2454, 2064}},
    {{2641, 2143, 920, 2357, 2426, 2198, 1930}},
    {{2596, 2143, 930, 2410, 2788, 2144, 1930}},
    {{2523, 2143, 1121, 2407, 2889, 1971, 1925}},
    {{2520, 2145, 1347, 2410, 2639, 1821, 1741}},
    {{2365, 2341, 1366, 2407, 2634, 1604, 1762}},
    {{2322, 2422, 1526, 2400, 2622, 1570, 1856}},
    {{2235, 2336, 1665, 2240, 2685, 1492, 1948}},
    {{2234, 2119, 1712, 2133, 2684, 1747, 1887}},
    {{2234, 1996, 1959, 2113, 2256, 1960, 1817}},
    {{2235, 1984, 2008, 2115, 2103, 1985, 1821}},
    {{2236, 1754, 2078, 2138, 1881, 2251, 1865}},
    {{2226, 1676, 2043, 2139, 1871, 2310, 1992}},
    {{2242, 1576, 2077, 2147, 1873, 2416, 1990}},
    {{2249, 1529, 2180, 2148, 1872, 2439, 1924}},
    {{2310, 1438, 2276, 2149, 1871, 2574, 1749}},
    {{2326, 1483, 2280, 2428, 1792, 2165, 1656}},
    {{2310, 1488, 2214, 2678, 1742, 2019, 1657}},
    {{2214, 1490, 2140, 2900, 1742, 1775, 1660}},
    {{1978, 1483, 1953, 2873, 1807, 1754, 2082}},
    {{1793, 1449, 1922, 2778, 2079, 1821, 2425}},
    {{1645, 1308, 1877, 2726, 2101, 2127, 2684}},
    {{1588, 1142, 1875, 2723, 2101, 2296, 2779}},
    {{1382, 1104, 1875, 2727, 2103, 2334, 3007}},
    {{1055, 1057, 1873, 2802, 2133, 2312, 3354}},
    {{1059, 1094, 1873, 2997, 2133, 2016, 3354}},
    {{1056, 1282, 1874, 3026, 2210, 1810, 3349}},
    {{906, 1109, 1557, 3093, 2153, 2117, 3753}},
    {{896, 851, 1341, 3192, 1719, 2169, 3753}},
    {{835, 852, 1236, 3192, 1360, 2190, 3754}},
    {{430, 851, 1266, 3273, 1880, 2068, 348}},
    {{414, 1036, 1263, 3236, 1939, 1891, 481}},
}};
